15
9
244 63 30 4 109 53 157 57 20
8
252 244 6 109 294 31 67 270
8
218 48 273 69 281 224 250 193
10
170 52 228 191 25 136 21 45 111 263
15
64 202 211 37 77 232 130 98 176 292 291 145 235 26 130
8
28 27 244 35 205 161 150 21
8
33 173 114 191 210 120 106 196
15
28 20 198 225 97 250 57 285 94 46 8 207 210 255 53
8
84 139 4 191 31 38 296 257
9
12 28 143 207 69 113 202 111 81
14
172 232 15 248 65 298 226 139 232 19 88 52 188 214
15
196 151 51 114 263 135 74 48 122 31 141 58 179 227 4
8
252 244 6 109 294 31 67 270
8
218 48 273 69 281 224 250 193
5
1 2 3 4 51