1
500
1295966139 46920
1574242977 5700
1112832354 63906
510950209 69219
713432033 36278
639745107 18177
1189195611 91475
79066665 1555
969858066 78602
360996724 62372
1162731978 39429
2064600079 33394
1489212116 83979
1022058302 69306
1327475684 12408
201214126 58176
748175680 57103
1092263876 8034
1016537361 14085
956193605 69394
369666716 38713
1105303924 62327
231146540 70589
653080234 4606
2068849192 76958
194383330 97522
415832739 99761
294147268 44855
175883740 5571
794130513 59425
738734331 44639
1979317601 10012
623318095 97829
1200434398 55456
379828266 44356
1222341203 94982
1605083069 61479
160873662 29609
1364532068 53896
889750567 97612
1828030855 33897
222511487 79946
1195633659 58755
2001424802 17399
1832864326 71667
727393176 15010
1643416307 27129
1911025022 50754
1483324958 75772
1759106210 53225
973120128 63765
465164559 19549
1014125244 38221
119465510 73665
1439992118 16077
1517071277 39325
2093349975 82764
1216919271 99986
108757872 60425
365533737 22198
1718932093 26914
218253560 64752
1652154043 78582
1334115506 95354
945770707 38068
703664931 90835
1779701834 29490
202126737 43430
1794867712 92247
877517095 76182
1330808325 4725
60431859 74652
1986687489 51130
270690990 45361
200727908 24727
1889583912 60001
1729151641 37472
987041105 22037
2089632407 72963
74333743 19466
1119411031 98674
659326653 29217
1946828164 53390
1397972648 12228
1183045638 6095
534104762 70315
375110820 36621
1643044967 14662
1871887752 35957
162276375 15660
402477036 60287
1844792013 28678
2012214112 49470
1217967067 62871
858022433 810
694798689 33464
2070299484 25342
581579034 44000
68095085 51682
1316372581 40723
2107557777 77343
1617511038 84950
297530317 72357
549499612 34421
879324666 75987
2094550081 1702
616152627 58446
1265946732 83091
328724268 30151
287762314 46701
1628730961 61003
1016696517 46797
189202697 75551
1273707150 97782
1430343585 96083
1508438505 17715
145589778 65895
1725602665 20095
2091538252 18629
465054516 79270
839394616 20949
2105180973 47243
56495747 44057
1936430334 20015
1560074209 9000
1571966716 21522
1059270003 79586
445384672 72701
2039455137 91822
1505770483 15075
14204257 25341
565249142 94035
1845191236 68159
602914131 45841
270986788 68647
465141463 81404
1480089597 38788
418445000 85344
1646482846 91686
1921805360 73407
284100687 88428
2100394929 70690
1787468014 95953
444359743 39504
2117387775 30227
854270931 92032
669371920 20073
143902420 79508
1562888232 16551
8841701 75020
1814785198 83165
796772776 91147
896821953 17776
536492844 21151
1422609463 14556
1454894558 10150
1657102984 5840
902597192 87351
1806101793 56936
829043207 5921
1149603515 14138
1760114305 75435
955350563 16725
38571295 55147
503349628 12997
57146519 51179
521396162 19295
1318042326 18115
2069137072 35170
1814039267 62887
17866078 50177
903489389 69063
381772369 86581
824572766 90515
1005559869 15973
1816396436 79736
1189446463 27093
1826655171 97026
1185560171 26467
368068525 9799
1912639464 15044
1859560978 51978
1279134339 19657
1704770093 87763
737171179 25712
397567002 37258
345292242 56391
282522673 64611
959659325 95439
767455126 19194
613227764 67914
1972898931 74227
1865395008 70454
1799987605 71531
1369813273 72482
444897682 69089
445787526 75013
1421521067 21865
1187094670 7513
778225981 65849
202649577 92983
531819459 41819
329365727 42132
1275006431 25052
1921437571 61557
1106760598 81687
331345824 75881
42372266 57184
436762688 59871
952728715 75961
1862932353 26397
794061403 36231
1554601410 98822
1886158097 12432
1046906335 430
370994634 55913
1692693413 14093
1797497732 59140
1717156226 20515
1163600544 10149
819998425 77495
1878291837 44249
1055053376 64103
1200601433 16064
1615540327 46500
1150908378 89032
1403472897 69781
1492225264 90660
2013068603 99713
1404803092 91291
1747800143 97726
14563556 9908
531128172 61288
1167585401 750
589598156 2297
1591910899 96581
306579792 19088
413457182 33169
1095899544 58615
705965585 56223
1619905115 73963
1894945255 94364
1654360096 86871
1686485024 45052
323102936 4469
284952695 3079
572118547 16251
1216429340 46719
2111577539 31093
1204047469 92047
420233390 74721
1963288628 13183
1971193809 62162
2088446352 9705
1843320777 28289
1483565928 42244
356318605 27536
44152961 78701
323230759 37985
1383140105 33696
526958806 92800
569753127 77354
1967609051 82467
54840425 2943
2022713560 87895
337911342 63303
1907362616 16323
1022276486 72777
382978485 39190
503198835 15615
1610167479 64763
1394557859 86084
1070308651 10820
1829681138 39411
1021865158 37595
2039873107 23964
585946748 42586
500417670 72151
100841406 58096
190291446 54966
1814145991 2789
271534621 24959
681919112 11107
1157614088 97597
109566649 12923
1143713212 34129
1500094039 87424
1538736565 19042
1829498244 34055
1816458453 79754
138788003 47912
105220071 34751
23506851 37741
1130806902 48257
1160895837 98349
100419575 58180
1849301138 54197
254099491 36602
1665765304 13580
1448634199 31954
925042855 63764
1347582435 53246
835651188 35352
700572289 65784
1959769408 47094
1221545539 57411
2078395007 65610
675808514 1858
1932403351 15416
78766467 15541
980230117 86042
1773373721 47607
551140239 73213
1065784209 21896
1291703145 34761
1844753850 62352
811798525 52637
346915599 49713
1783687989 87888
17631849 73749
1417034982 77388
1547047512 46341
418459350 72378
1302364551 79054
1881987795 31018
1149194595 34264
1560317061 84668
1396781872 57300
655074233 82433
33395548 77378
682017194 49398
2016039731 15719
775518387 71682
993781784 22729
1262959570 13634
2007696478 10904
103107374 60343
1880457246 66725
1482632721 38149
724945779 36868
268985520 40374
1931871133 2581
501741394 69357
1793276233 15628
1496251790 71782
956109358 85337
1557337532 65441
1524601056 72272
1040137123 99193
597095001 13045
1382312827 7831
688123950 20201
1864568174 97548
2006986926 17248
1456435697 49057
269370468 21217
311105783 57953
1407240150 47178
1234927310 32736
1969662806 95453
732220870 88516
614480790 74754
1602953958 81846
327447026 7433
362497391 42027
651220479 10218
1381849859 44429
1082746772 34385
1760441977 50050
151167985 94026
1526699108 38454
647331596 4891
474296407 71746
503168421 23718
960120834 47579
145435523 41704
1103636096 16313
1834416459 6406
751514511 79837
1054713839 11903
938921865 34318
711338473 88076
897795099 85245
1272222461 53428
588851648 90447
1580147455 50756
1843928901 95403
1805871999 41660
2134567149 56773
1879965378 4336
486904352 901
492062392 40448
637833566 95203
2163206 48078
193375041 77046
355876333 96906
615327716 14806
1305584982 22816
713816404 23795
2023876244 68052
1853714242 40051
1270735160 59495
1536535454 23511
1720901156 18956
1090680284 82886
323339644 84637
1331300140 2036
1020641437 33706
994397240 4644
1210998136 72281
2079681690 74469
172585539 25758
486605628 70521
2060648574 22032
1908494316 41171
355606436 24911
1246097574 41596
1017400758 49381
407981459 18266
11284689 61744
2044201153 24333
928762733 17645
1150026369 4170
1049667703 23609
824725166 82192
1184712242 23208
1680056661 97781
1304448967 78641
687984654 13893
1219600673 95323
1007171416 7109
2063720234 85343
1054065057 37344
740934724 46517
1524455611 19413
813224613 73116
1086843746 87346
501707113 86467
1543907868 74816
86326429 49387
1664557008 38671
978072595 30022
480852805 37914
1216308663 37459
1352651808 25689
1617832782 39576
1863632798 69368
318124919 14208
320223065 59643
84777077 78676
1811279056 1690
1118368144 39154
492505388 75257
840025622 13256
1023966425 52051
110078995 39786
49907074 51591
1738169808 59879
1223189505 94823
1699597339 57665
1095420512 46473
640697242 69663
556532194 22161
1581783871 55259
2017881805 60948
573950287 77213
417078990 18431
284832720 84378
1164910040 58342
798513986 92817
2051210393 92982
582432603 17467
1996744573 18763
484393699 50430
980113587 7390
1500808096 34099
1206453863 5338
739620114 86057
952843851 20337
492257668 42008
1840481285 7955
357435574 76627
611042738 68294
1019661005 52778
1767126636 74992
1817345596 53381
579284326 94551
1624487200 45251
425413315 80899
1500995681 26902
2145388289 20129
1333577353 58505
848341819 97468
819860914 85671
99634157 18583
476944031 15443
230842890 79605
2050192070 85629
1476647899 69428
470354759 90887
283 1
314 2
456 3
284 4
72 5
365 6
204 7
489 8
75 9
426 10
92 11
43 12
377 13
101 14
291 15
30 16
96 17
193 18
474 19
253 20
140 21
92 22
276 23
312 24
113 25
483 26
340 27
472 28
175 29
157 30
291 31
128 32
485 33
477 34
481 35
187 36
35 37
103 38
276 39
124 40
111 41
160 42
253 43
438 44
323 45
302 46
364 47
216 48
99 49
155 50
382 51
160 52
336 53
293 54
432 55
317 56
346 57
75 58
286 59
207 61
157 62
144 63
433 64
412 65
406 66
329 67
304 68
33 69
485 70
132 71
383 72
481 73
282 74
290 75
105 76
11 77
187 78
375 79
279 80
379 81
267 82
120 83
425 84
492 85
9 86
481 87
374 88
135 89
499 90
489 91
489 92
95 93
144 94
491 95
216 96
142 97
151 98
8 99
354 100
144 101
120 102
340 103
126 104
259 105
398 106
68 107
205 108
298 109
312 110
114 111
60 112
218 113
277 114
195 115
240 116
284 117
195 118
145 119
427 120
364 121
75 122
59 123
261 124
19 125
253 126
33 127
105 128
248 129
397 130
197 131
99 132
436 133
114 134
257 135
171 136
160 137
236 138
45 139
171 140
259 141
105 142
62 143
277 144
177 145
484 146
113 147
304 148
440 149
397 150
205 151
463 152
256 153
403 154
140 155
293 156
75 157
231 158
195 159
114 160
491 161
108 162
469 163
355 164
72 165
442 166
145 167
257 168
499 169
276 170
316 171
173 172
283 173
217 174
179 175
478 176
290 177
74 178
181 179
425 180
290 181
440 182
106 183
491 184
321 185
290 186
398 187
72 188
137 189
176 190
313 191
343 192
248 193
249 194
15 195
172 196
426 197
458 198
231 199
276 200
253 201
286 202
33 203
216 204
45 205
419 206
279 207
5 208
293 209
453 210
6 211
348 212
82 213
60 214
173 215
347 216
412 217
383 218
6 219
362 220
370 221
10 222
44 223
302 224
111 225
340 226
342 227
280 228
47 229
312 230
10 231
440 232
58 233
331 234
72 235
284 236
464 237
203 238
432 239
67 240
491 241
277 242
482 243
272 244
171 245
76 246
177 247
290 248
452 249
191 250
67 251
77 252
343 253
88 254
179 255
60 256
67 257
99 258
407 259
49 260
60 261
17 262
398 263
331 264
476 265
320 266
90 267
33 268
401 269
6 270
262 271
343 272
200 273
278 274
348 275
291 276
256 277
470 278
276 279
392 280
435 281
114 282
151 283
277 284
354 285
429 286
164 287
325 288
179 289
60 290
489 291
100 292
332 293
355 294
202 295
33 296
491 297
389 298
40 299
379 300
500 301
333 302
93 303
186 304
93 305
43 306
162 307
111 308
28 309
11 310
28 311
10 312
256 313
464 314
15 315
347 316
75 317
109 318
415 319
427 320
17 321
225 322
277 323
484 324
114 325
401 326
333 327
476 328
60 329
108 330
124 331
41 332
489 333
197 334
360 335
71 336
387 337
232 338
478 339
331 340
463 341
157 342
60 343
145 344
96 345
407 346
291 347
61 348
98 349
99 350
314 351
320 352
27 353
192 354
92 355
149 356
323 357
255 358
420 359
148 360
60 361
412 362
119 363
370 364
101 365
476 366
440 367
331 368
218 369
87 370
490 371
148 372
393 373
433 374
135 375
6 376
122 377
77 378
333 379
92 380
290 381
98 382
291 383
313 384
239 385
190 386
354 387
145 388
498 389
143 390
61 391
146 392
279 393
406 394
306 395
256 396
383 397
124 398
101 399
41 400
101 401
469 402
251 403
450 404
474 405
36 406
45 407
193 408
134 409
156 410
137 411
142 412
276 413
457 414
347 415
126 416
101 417
445 418
117 419
19 420
28 421
143 422
348 423
469 424
331 425
261 426
436 427
388 428
75 429
81 430
349 431
485 432
60 433
165 434
489 435
43 436
390 437
313 438
293 439
160 440
227 441
399 442
80 443
98 444
438 445
203 446
332 447
415 448
174 449
90 450
55 451
282 452
401 453
225 454
9 455
89 456
197 457
480 458
236 459
260 460
195 461
220 462
396 463
485 464
35 465
62 466
253 467
298 468
35 469
407 470
392 471
216 472
312 473
186 474
186 475
384 476
70 477
45 478
452 479
167 480
192 481
114 482
491 483
331 484
99 485
220 486
360 487
108 488
329 489
72 490
436 491
407 492
251 493
397 494
86 495
470 496
22 497
8 498
329 499
379 500