1
500
723 95008
1359 47536
1595 75401
9542 1299
8358 24574
9390 16529
7669 74093
8597 64288
5513 72521
5449 8177
231 6947
4615 47222
5617 21749
9025 11584
3711 11530
8514 90786
6538 99873
8322 64485
5275 57865
2136 49985
8791 57878
2866 22813
1971 7815
7101 97484
336 82551
2014 86919
5850 86629
493 47819
4731 79519
9404 14794
1049 74270
5581 13939
4143 60255
4776 65770
8120 93264
2107 33264
1142 14973
2429 83114
9140 59530
6950 35829
8433 35316
2748 80636
1946 73242
8455 63029
9113 4211
7823 60162
4833 83404
453 68977
3660 1581
1099 78132
4845 83207
7748 45987
4532 177
5453 70025
6060 58756
5854 34493
4072 44954
1481 32370
4548 76289
5399 3661
500 73223
175 75334
2979 70628
663 32991
2209 28114
7476 83406
7673 71576
9394 58558
8106 91199
8583 64166
9955 34437
8659 44028
9391 46493
6398 13940
2782 88150
3953 3282
1373 14129
4968 50704
4757 71983
48 73319
98 27524
6725 44123
5452 2471
2681 3558
3671 31264
7724 43626
2053 82736
7654 77797
9229 80405
8089 52011
8555 42042
1645 46280
6171 82966
3336 57281
1301 13384
6952 87751
7260 3677
1875 72713
2501 34556
2623 16172
2173 76700
9798 64226
9436 63805
2023 5017
562 50112
3380 45469
2155 45025
1749 64678
4343 21437
1959 15645
4822 68911
3396 8434
8941 51623
7499 11442
6180 90123
3966 68353
6823 20116
8931 42611
3921 90955
7628 60835
7419 37360
6304 65926
2385 14405
605 43081
5843 68916
5078 87017
7828 78474
5451 43121
6450 9303
4563 32630
9426 98529
7335 82601
4997 66266
5212 18919
3573 89192
6106 30993
6552 18763
6919 25289
3168 43876
8370 85363
2793 43448
2380 66973
8275 84184
94 84725
3487 81009
3707 9265
5890 67394
8218 30887
12 33430
6158 23586
8974 62265
931 65526
1028 84202
7167 30548
8079 75538
5912 57224
5338 4644
4197 89965
5180 50643
1042 15019
1652 41101
636 43894
8495 48854
1133 74860
2284 57292
4798 37610
5909 2081
3136 33289
6283 26656
189 30714
2194 96101
7938 53884
7098 28487
202 38630
9130 67596
3650 27134
8698 94286
7380 33545
9493 78514
8405 41777
5806 39555
5740 88067
1636 15228
1356 27920
1884 1545
4986 60430
3999 79277
4315 47449
7764 90869
6079 3247
8465 56081
6733 67163
6720 34114
7061 26213
2628 41818
4342 48434
1374 80082
2853 23010
5311 74209
7282 37195
2106 42269
7626 6105
7898 28293
9906 62014
9162 55986
5261 77627
8419 11995
1143 95139
6109 78204
1352 75089
22 5695
9875 1396
5777 92728
759 81088
3289 8041
4636 75395
6662 32262
7853 20912
555 67759
2927 96069
97 48188
3696 68517
6535 51191
8 38996
9395 1361
4085 65770
3408 70312
3518 9185
3040 24277
6626 46329
8671 41262
1725 31685
9876 35930
2598 66783
3689 35525
2852 60139
65 36548
5008 92953
4092 25016
1949 33487
2729 62387
9257 66137
2699 82776
1675 12092
3405 98301
8421 72076
5915 96498
3762 62143
2428 72712
8926 52470
8237 91778
2609 24654
4678 73969
7607 48770
8985 65909
8610 41715
8296 14219
7852 77347
3347 99527
9439 36753
4180 64213
5181 86447
711 45295
8590 9492
8007 77516
1962 42596
5646 90923
7251 46677
1244 1210
1799 80229
7119 10409
8296 11767
4629 62501
9115 37976
8380 94906
1081 92561
9119 16263
5360 36183
1558 43951
5675 79566
7819 23989
2162 39818
1264 5765
6495 12508
6976 98294
9089 90447
5056 47386
2215 49685
9887 7682
4013 88267
2588 95095
7180 61708
1358 92541
4243 72916
2844 59918
8834 7015
259 7349
6833 31523
3114 49680
383 36442
4327 69472
3242 89383
6858 45457
9068 43097
3139 59433
7717 55727
4528 61249
3787 82238
142 48030
5155 22986
4300 40341
6354 24559
7690 93187
2434 77157
9220 32817
3599 23547
2290 56841
2930 35500
8650 68350
8598 71789
4135 42667
3869 98664
3916 77656
902 74059
2039 52409
3397 66339
2751 59751
899 56793
9291 79685
3950 28511
2503 63902
8410 31145
7095 97692
6645 55746
2394 61595
3887 26529
4262 4108
1545 8179
8117 38800
8590 40156
1209 11987
6495 312
1739 13746
7106 57382
9784 7408
2245 22287
1310 70655
3432 24758
4699 36429
6856 67093
8025 40743
9974 18639
4852 51520
3170 42969
320 41760
9477 97881
3748 22324
4546 41839
2423 88004
5573 62207
5412 17818
4494 83075
8473 54278
7833 89524
707 21041
6617 5084
1784 66591
3724 22988
4463 66894
2309 24783
5007 81786
9017 78755
4111 53563
6946 72886
7919 52519
5093 69683
337 19587
2758 75162
217 76943
4686 80924
7984 37655
2361 76121
598 26085
9109 55062
9331 97771
6197 34338
5909 35214
9445 16372
5129 66391
9258 79400
5262 24351
9084 21951
290 1842
7113 50507
5138 78151
7784 9474
2158 50145
5595 52757
2582 1057
4171 1913
8828 20368
2604 11089
1935 82049
7462 93416
4793 16720
2817 55
7424 21901
2007 17714
95 35472
8222 51585
9976 16006
1060 62134
2503 46655
4891 75085
4064 39062
3350 79244
5783 45954
334 47718
4356 34148
7486 25501
7220 30303
1908 24644
8556 80267
2359 25004
5740 26933
6589 45716
9291 37649
4202 41794
657 39094
6879 81073
4508 26581
318 70291
8888 67004
4361 33244
1152 91848
5097 68372
8503 17005
3017 23412
7273 51728
8416 29365
8661 41357
1433 37952
5359 15635
9746 96016
1081 12977
7089 65590
5910 53759
2233 44798
763 2947
4394 21915
1147 69491
6640 66002
6497 99657
9414 122
1385 54182
9487 46398
5540 37272
4350 90899
2907 80448
3267 40341
9777 96708
2283 65687
468 74516
6838 87583
3815 21232
9499 4962
724 16139
965 93573
2148 76731
47 99885
7266 39534
6283 42806
3158 30633
57 62417
7433 69676
2758 53562
6384 25041
5601 33204
5910 62439
788 9725
3672 46639
4688 90748
9130 2005
673 11278
5088 10720
1163 42354
6606 57446
1512 59764
4431 67921
2181 48216
7597 24940
1778 20334
6333 37379
9890 82243
9819 90678
1969 99843
7317 23009
6943 16447
5014 7616
4077 20102
283 1
314 2
456 3
284 4
72 5
365 6
204 7
489 8
75 9
426 10
92 11
43 12
377 13
101 14
291 15
30 16
96 17
193 18
474 19
253 20
140 21
92 22
276 23
312 24
113 25
483 26
340 27
472 28
175 29
157 30
291 31
128 32
485 33
477 34
481 35
187 36
35 37
103 38
276 39
124 40
111 41
160 42
253 43
438 44
323 45
302 46
364 47
216 48
99 49
155 50
382 51
160 52
336 53
293 54
432 55
317 56
346 57
75 58
286 59
207 61
157 62
144 63
433 64
412 65
406 66
329 67
304 68
33 69
485 70
132 71
383 72
481 73
282 74
290 75
105 76
11 77
187 78
375 79
279 80
379 81
267 82
120 83
425 84
492 85
9 86
481 87
374 88
135 89
499 90
489 91
489 92
95 93
144 94
491 95
216 96
142 97
151 98
8 99
354 100
144 101
120 102
340 103
126 104
259 105
398 106
68 107
205 108
298 109
312 110
114 111
60 112
218 113
277 114
195 115
240 116
284 117
195 118
145 119
427 120
364 121
75 122
59 123
261 124
19 125
253 126
33 127
105 128
248 129
397 130
197 131
99 132
436 133
114 134
257 135
171 136
160 137
236 138
45 139
171 140
259 141
105 142
62 143
277 144
177 145
484 146
113 147
304 148
440 149
397 150
205 151
463 152
256 153
403 154
140 155
293 156
75 157
231 158
195 159
114 160
491 161
108 162
469 163
355 164
72 165
442 166
145 167
257 168
499 169
276 170
316 171
173 172
283 173
217 174
179 175
478 176
290 177
74 178
181 179
425 180
290 181
440 182
106 183
491 184
321 185
290 186
398 187
72 188
137 189
176 190
313 191
343 192
248 193
249 194
15 195
172 196
426 197
458 198
231 199
276 200
253 201
286 202
33 203
216 204
45 205
419 206
279 207
5 208
293 209
453 210
6 211
348 212
82 213
60 214
173 215
347 216
412 217
383 218
6 219
362 220
370 221
10 222
44 223
302 224
111 225
340 226
342 227
280 228
47 229
312 230
10 231
440 232
58 233
331 234
72 235
284 236
464 237
203 238
432 239
67 240
491 241
277 242
482 243
272 244
171 245
76 246
177 247
290 248
452 249
191 250
67 251
77 252
343 253
88 254
179 255
60 256
67 257
99 258
407 259
49 260
60 261
17 262
398 263
331 264
476 265
320 266
90 267
33 268
401 269
6 270
262 271
343 272
200 273
278 274
348 275
291 276
256 277
470 278
276 279
392 280
435 281
114 282
151 283
277 284
354 285
429 286
164 287
325 288
179 289
60 290
489 291
100 292
332 293
355 294
202 295
33 296
491 297
389 298
40 299
379 300
500 301
333 302
93 303
186 304
93 305
43 306
162 307
111 308
28 309
11 310
28 311
10 312
256 313
464 314
15 315
347 316
75 317
109 318
415 319
427 320
17 321
225 322
277 323
484 324
114 325
401 326
333 327
476 328
60 329
108 330
124 331
41 332
489 333
197 334
360 335
71 336
387 337
232 338
478 339
331 340
463 341
157 342
60 343
145 344
96 345
407 346
291 347
61 348
98 349
99 350
314 351
320 352
27 353
192 354
92 355
149 356
323 357
255 358
420 359
148 360
60 361
412 362
119 363
370 364
101 365
476 366
440 367
331 368
218 369
87 370
490 371
148 372
393 373
433 374
135 375
6 376
122 377
77 378
333 379
92 380
290 381
98 382
291 383
313 384
239 385
190 386
354 387
145 388
498 389
143 390
61 391
146 392
279 393
406 394
306 395
256 396
383 397
124 398
101 399
41 400
101 401
469 402
251 403
450 404
474 405
36 406
45 407
193 408
134 409
156 410
137 411
142 412
276 413
457 414
347 415
126 416
101 417
445 418
117 419
19 420
28 421
143 422
348 423
469 424
331 425
261 426
436 427
388 428
75 429
81 430
349 431
485 432
60 433
165 434
489 435
43 436
390 437
313 438
293 439
160 440
227 441
399 442
80 443
98 444
438 445
203 446
332 447
415 448
174 449
90 450
55 451
282 452
401 453
225 454
9 455
89 456
197 457
480 458
236 459
260 460
195 461
220 462
396 463
485 464
35 465
62 466
253 467
298 468
35 469
407 470
392 471
216 472
312 473
186 474
186 475
384 476
70 477
45 478
452 479
167 480
192 481
114 482
491 483
331 484
99 485
220 486
360 487
108 488
329 489
72 490
436 491
407 492
251 493
397 494
86 495
470 496
22 497
8 498
329 499
379 500
