283 1
314 2
456 3
284 4
72 5
365 6
204 7
489 8
75 9
426 10
92 11
43 12
377 13
101 14
291 15
30 16
96 17
193 18
474 19
253 20
140 21
92 22
276 23
312 24
113 25
483 26
340 27
472 28
175 29
157 30
291 31
128 32
485 33
477 34
481 35
187 36
35 37
103 38
276 39
124 40
111 41
160 42
253 43
438 44
323 45
302 46
364 47
216 48
99 49
155 50
382 51
160 52
336 53
293 54
432 55
317 56
346 57
75 58
286 59
207 61
157 62
144 63
433 64
412 65
406 66
329 67
304 68
33 69
485 70
132 71
383 72
481 73
282 74
290 75
105 76
11 77
187 78
375 79
279 80
379 81
267 82
120 83
425 84
492 85
9 86
481 87
374 88
135 89
499 90
489 91
489 92
95 93
144 94
491 95
216 96
142 97
151 98
8 99
354 100
144 101
120 102
340 103
126 104
259 105
398 106
68 107
205 108
298 109
312 110
114 111
60 112
218 113
277 114
195 115
240 116
284 117
195 118
145 119
427 120
364 121
75 122
59 123
261 124
19 125
253 126
33 127
105 128
248 129
397 130
197 131
99 132
436 133
114 134
257 135
171 136
160 137
236 138
45 139
171 140
259 141
105 142
62 143
277 144
177 145
484 146
113 147
304 148
440 149
397 150
205 151
463 152
256 153
403 154
140 155
293 156
75 157
231 158
195 159
114 160
491 161
108 162
469 163
355 164
72 165
442 166
145 167
257 168
499 169
276 170
316 171
173 172
283 173
217 174
179 175
478 176
290 177
74 178
181 179
425 180
290 181
440 182
106 183
491 184
321 185
290 186
398 187
72 188
137 189
176 190
313 191
343 192
248 193
249 194
15 195
172 196
426 197
458 198
231 199
276 200
253 201
286 202
33 203
216 204
45 205
419 206
279 207
5 208
293 209
453 210
6 211
348 212
82 213
60 214
173 215
347 216
412 217
383 218
6 219
362 220
370 221
10 222
44 223
302 224
111 225
340 226
342 227
280 228
47 229
312 230
10 231
440 232
58 233
331 234
72 235
284 236
464 237
203 238
432 239
67 240
491 241
277 242
482 243
272 244
171 245
76 246
177 247
290 248
452 249
191 250
67 251
77 252
343 253
88 254
179 255
60 256
67 257
99 258
407 259
49 260
60 261
17 262
398 263
331 264
476 265
320 266
90 267
33 268
401 269
6 270
262 271
343 272
200 273
278 274
348 275
291 276
256 277
470 278
276 279
392 280
435 281
114 282
151 283
277 284
354 285
429 286
164 287
325 288
179 289
60 290
489 291
100 292
332 293
355 294
202 295
33 296
491 297
389 298
40 299
379 300
500 301
333 302
93 303
186 304
93 305
43 306
162 307
111 308
28 309
11 310
28 311
10 312
256 313
464 314
15 315
347 316
75 317
109 318
415 319
427 320
17 321
225 322
277 323
484 324
114 325
401 326
333 327
476 328
60 329
108 330
124 331
41 332
489 333
197 334
360 335
71 336
387 337
232 338
478 339
331 340
463 341
157 342
60 343
145 344
96 345
407 346
291 347
61 348
98 349
99 350
314 351
320 352
27 353
192 354
92 355
149 356
323 357
255 358
420 359
148 360
60 361
412 362
119 363
370 364
101 365
476 366
440 367
331 368
218 369
87 370
490 371
148 372
393 373
433 374
135 375
6 376
122 377
77 378
333 379
92 380
290 381
98 382
291 383
313 384
239 385
190 386
354 387
145 388
498 389
143 390
61 391
146 392
279 393
406 394
306 395
256 396
383 397
124 398
101 399
41 400
101 401
469 402
251 403
450 404
474 405
36 406
45 407
193 408
134 409
156 410
137 411
142 412
276 413
457 414
347 415
126 416
101 417
445 418
117 419
19 420
28 421
143 422
348 423
469 424
331 425
261 426
436 427
388 428
75 429
81 430
349 431
485 432
60 433
165 434
489 435
43 436
390 437
313 438
293 439
160 440
227 441
399 442
80 443
98 444
438 445
203 446
332 447
415 448
174 449
90 450
55 451
282 452
401 453
225 454
9 455
89 456
197 457
480 458
236 459
260 460
195 461
220 462
396 463
485 464
35 465
62 466
253 467
298 468
35 469
407 470
392 471
216 472
312 473
186 474
186 475
384 476
70 477
45 478
452 479
167 480
192 481
114 482
491 483
331 484
99 485
220 486
360 487
108 488
329 489
72 490
436 491
407 492
251 493
397 494
86 495
470 496
22 497
8 498
329 499
379 500