0,4
0,9
0,10
0,17
0,24
0,27
0,32
0,39
0,43
0,47
1,3
1,5
1,12
1,19
1,23
1,29
1,30
1,39
1,41
1,48
2,4
2,7
2,10
2,17
2,20
2,25
2,33
2,37
2,42
2,46
3,1
3,5
3,11
3,19
3,21
3,27
3,33
3,38
3,41
3,47
4,1
4,8
4,13
4,18
4,20
4,28
4,32
4,38
4,40
4,49
5,2
5,8
5,13
5,19
5,24
5,29
5,32
5,35
5,44
5,45
6,3
6,8
6,11
6,16
6,24
6,28
6,33
6,36
6,42
6,46
7,2
7,9
7,11
7,15
7,20
7,25
7,30
7,35
7,43
7,48
8,4
8,8
8,10
8,15
8,24
8,28
8,30
8,39
8,40
8,48
9,3
9,5
9,12
9,18
9,21
9,27
9,34
9,37
9,44
9,46
10,2
10,8
10,13
10,17
10,24
10,27
10,34
10,36
10,43
10,46
11,1
11,8
11,13
11,18
11,24
11,29
11,31
11,36
11,44
11,48
12,0
12,6
12,12
12,15
12,24
12,27
12,34
12,39
12,41
12,49
13,3
13,9
13,10
13,16
13,21
13,26
13,32
13,38
13,41
13,45
14,2
14,5
14,10
14,17
14,23
14,28
14,33
14,35
14,41
14,45
15,1
15,9
15,13
15,18
15,23
15,28
15,30
15,35
15,40
15,45
16,1
16,5
16,11
16,18
16,21
16,27
16,31
16,38
16,41
16,46
17,2
17,6
17,12
17,17
17,21
17,27
17,31
17,37
17,43
17,45
18,1
18,7
18,14
18,18
18,23
18,26
18,30
18,39
18,41
18,49
19,4
19,7
19,13
19,19
19,24
19,25
19,33
19,37
19,42
19,48
20,0
20,6
20,14
20,18
20,22
20,25
20,32
20,37
20,41
20,46
21,4
21,9
21,13
21,19
21,21
21,29
21,31
21,38
21,40
21,49
22,0
22,9
22,13
22,15
22,21
22,25
22,32
22,39
22,42
22,45
23,1
23,9
23,12
23,19
23,24
23,29
23,33
23,36
23,41
23,49
24,2
24,8
24,12
24,15
24,23
24,29
24,34
24,35
24,42
24,48
25,3
25,9
25,13
25,19
25,21
25,25
25,33
25,38
25,42
25,48
26,4
26,7
26,13
26,17
26,20
26,27
26,32
26,37
26,42
26,49
27,2
27,9
27,12
27,16
27,23
27,25
27,31
27,36
27,41
27,48
28,4
28,5
28,12
28,16
28,21
28,29
28,30
28,35
28,44
28,46
29,0
29,5
29,11
29,18
29,24
29,29
29,34
29,37
29,40
29,47
30,0
30,8
30,11
30,15
30,24
30,29
30,33
30,36
30,41
30,47
31,2
31,5
31,14
31,15
31,23
31,25
31,30
31,38
31,41
31,49
32,3
32,7
32,13
32,16
32,22
32,28
32,31
32,37
32,41
32,49
33,1
33,9
33,10
33,19
33,24
33,29
33,34
33,39
33,43
33,47
34,2
34,9
34,14
34,18
34,20
34,27
34,31
34,35
34,44
34,49
35,0
35,8
35,14
35,18
35,23
35,28
35,32
35,35
35,43
35,47
36,4
36,7
36,10
36,18
36,24
36,26
36,33
36,38
36,43
36,47
37,1
37,7
37,13
37,16
37,23
37,28
37,32
37,37
37,41
37,46
38,4
38,5
38,14
38,16
38,20
38,27
38,31
38,36
38,42
38,46
39,1
39,5
39,14
39,16
39,21
39,25
39,30
39,37
39,43
39,45
40,3
40,5
40,14
40,16
40,21
40,28
40,30
40,38
40,40
40,46
41,2
41,8
41,13
41,19
41,22
41,25
41,31
41,39
41,41
41,47
42,3
42,6
42,12
42,17
42,24
42,26
42,32
42,38
42,42
42,45
43,3
43,5
43,11
43,16
43,21
43,29
43,32
43,39
43,41
43,49
44,0
44,9
44,11
44,16
44,20
44,27
44,30
44,38
44,44
44,49
45,0
45,9
45,11
45,19
45,21
45,26
45,33
45,37
45,41
45,45
46,2
46,9
46,10
46,15
46,21
46,26
46,33
46,35
46,40
46,45
47,3
47,7
47,11
47,18
47,24
47,29
47,33
47,39
47,44
47,46
48,2
48,7
48,10
48,17
48,22
48,25
48,34
48,37
48,42
48,45
49,2
49,5
49,11
49,18
49,20
49,27
49,33
49,38
49,43
49,46
